5
19125006
Nguyen Van A
1
19-03-2004
19APCS1
9
9.5
9
9.5
2020 04 06 7 30 11 30 -1
2020 04 13 7 30 11 30 -1
2020 04 20 7 30 11 30 -1
2020 04 27 7 30 11 30 -1
2020 05 04 7 30 11 30 -1
2020 05 11 7 30 11 30 -1
2020 05 18 7 30 11 30 -1
2020 05 25 7 30 11 30 -1
2020 06 01 7 30 11 30 -1
2020 06 08 7 30 11 30 -1

19125007
Nguyen Van B
0
03-03-2004
19APCS1
9.5
8.5
9.5
9.5
2020 04 06 7 30 11 30 0
2020 04 13 7 30 11 30 0
2020 04 20 7 30 11 30 0
2020 04 27 7 30 11 30 0
2020 05 04 7 30 11 30 0
2020 05 11 7 30 11 30 0
2020 05 18 7 30 11 30 0
2020 05 25 7 30 11 30 0
2020 06 01 7 30 11 30 0
2020 06 08 7 30 11 30 -1

19125008
Nguyen Van C
1
04-03-2004
19APCS1
7
9.5
9.5
9.5
2020 04 06 7 30 11 30 -1
2020 04 13 7 30 11 30 -1
2020 04 20 7 30 11 30 -1
2020 04 27 7 30 11 30 -1
2020 05 04 7 30 11 30 -1
2020 05 11 7 30 11 30 -1
2020 05 18 7 30 11 30 -1
2020 05 25 7 30 11 30 -1
2020 06 01 7 30 11 30 -1
2020 06 08 7 30 11 30 -1

19125010
Nguyen Van E
0
06-03-2004
19APCS1
9.5
9.5
9.5
9.5
2020 04 06 7 30 11 30 -1
2020 04 13 7 30 11 30 -1
2020 04 20 7 30 11 30 -1
2020 04 27 7 30 11 30 -1
2020 05 04 7 30 11 30 -1
2020 05 11 7 30 11 30 -1
2020 05 18 7 30 11 30 -1
2020 05 25 7 30 11 30 -1
2020 06 01 7 30 11 30 -1
2020 06 08 7 30 11 30 -1

19125011
Nguyen Van F
1
07-03-2004
19APCS1
9.5
9.5
9.5
9.5
2020 04 06 7 30 11 30 -1
2020 04 13 7 30 11 30 -1
2020 04 20 7 30 11 30 -1
2020 04 27 7 30 11 30 -1
2020 05 04 7 30 11 30 -1
2020 05 11 7 30 11 30 -1
2020 05 18 7 30 11 30 -1
2020 05 25 7 30 11 30 -1
2020 06 01 7 30 11 30 -1
2020 06 08 7 30 11 30 -1

